0 0.352 0.344 0.08 0.144
0 0.405 0.6013333333333334 0.094 0.16266666666666665
0 0.681 0.6613333333333333 0.114 0.192
0 0.439 0.2786666666666667 0.094 0.152
0 0.237 0.556 0.082 0.14666666666666667
0 0.647 0.2653333333333333 0.106 0.17866666666666667
0 0.845 0.2773333333333333 0.142 0.21333333333333335
1 0.216 0.736 0.216 0.528
1 0.645 0.45866666666666667 0.222 0.5546666666666666
1 0.336 0.484 0.128 0.424
1 0.87 0.5866666666666667 0.24 0.8266666666666667
1 0.348 0.7533333333333333 0.272 0.4826666666666667
1 0.443 0.44266666666666665 0.202 0.4746666666666667
1 0.608 0.7853333333333333 0.38 0.408
