0 0.675 0.6135371179039302 0.042 0.05240174672489083
0 0.226 0.25436681222707425 0.06 0.05895196506550218
0 0.12 0.16921397379912664 0.04 0.06768558951965066
1 0.132 0.3722707423580786 0.096 0.3471615720524017
1 0.246 0.3864628820960699 0.12 0.3231441048034934
1 0.277 0.2794759825327511 0.094 0.19213973799126638
1 0.097 0.324235807860262 0.102 0.3864628820960699
1 0.702 0.7729257641921398 0.128 0.38427947598253276
0 0.145 0.22707423580786026 0.05 0.056768558951965066
0 0.259 0.21069868995633187 0.058 0.06331877729257641
