0 0.76 0.22522522522522523 0.076 0.12612612612612611
0 0.088 0.3258258258258258 0.044 0.09309309309309309
0 0.366 0.40540540540540543 0.104 0.18618618618618618
0 0.461 0.4174174174174174 0.098 0.17417417417417416
0 0.626 0.21621621621621623 0.064 0.12612612612612611
0 0.228 0.2927927927927928 0.052 0.10510510510510511
1 0.498 0.6576576576576577 0.332 0.6666666666666666
1 0.62 0.5525525525525525 0.144 0.8168168168168168
1 0.324 0.6501501501501501 0.204 0.6696696696696697
1 0.216 0.43543543543543545 0.092 0.3843843843843844
1 0.146 0.5105105105105106 0.064 0.45645645645645644
1 0.245 0.551051051051051 0.15 0.5135135135135135
1 0.034 0.56006006006006 0.064 0.5195195195195195
1 0.763 0.566066066066066 0.194 0.8678678678678678
1 0.094 0.5495495495495496 0.1 0.5345345345345346
0 0.022 0.34534534534534533 0.04 0.10810810810810811
