0 0.491 0.45209580838323354 0.046 0.07784431137724551
0 0.613 0.5898203592814372 0.046 0.07784431137724551
0 0.707 0.47305389221556887 0.046 0.07784431137724551
0 0.851 0.5703592814371258 0.046 0.06287425149700598
1 0.488 0.657185628742515 0.088 0.5
1 0.611 0.7275449101796407 0.074 0.3413173652694611
1 0.547 0.7290419161676647 0.066 0.344311377245509
1 0.854 0.7215568862275449 0.1 0.3652694610778443
1 0.402 0.7215568862275449 0.064 0.3592814371257485
1 0.71 0.6661676646706587 0.096 0.4820359281437126
0 0.561 0.594311377245509 0.05 0.08083832335329341
0 0.393 0.5733532934131736 0.058 0.0748502994011976
