0 0.61 0.16933333333333334 0.14 0.2
0 0.337 0.3453333333333333 0.142 0.2
1 0.327 0.41733333333333333 0.306 0.36533333333333334
1 0.929 0.23733333333333334 0.142 0.4693333333333333
1 0.087 0.556 0.17 0.41333333333333333
0 0.705 0.896 0.282 0.20266666666666666
1 0.76 0.2 0.14 0.37333333333333335
1 0.177 0.7453333333333333 0.35 0.504
1 0.622 0.452 0.32 0.7973333333333333
0 0.946 0.07466666666666667 0.108 0.144
0 0.739 0.08933333333333333 0.102 0.15733333333333333
0 0.117 0.636 0.202 0.2693333333333333
