0 0.784 0.527536231884058 0.08 0.14492753623188406
0 0.359 0.5217391304347826 0.042 0.0927536231884058
0 0.283 0.5449275362318841 0.05 0.0927536231884058
1 0.049 0.7463768115942029 0.094 0.4956521739130435
1 0.237 0.7478260869565218 0.142 0.4927536231884058
1 0.201 0.6536231884057971 0.074 0.3101449275362319
1 0.758 0.7217391304347827 0.204 0.5449275362318841
1 0.125 0.7565217391304347 0.158 0.4811594202898551
1 0.328 0.7086956521739131 0.092 0.47246376811594204
0 0.054 0.5594202898550724 0.088 0.13333333333333333
