0 0.788 0.3493975903614458 0.148 0.3132530120481928
0 0.538 0.3253012048192771 0.148 0.3132530120481928
0 0.32 0.2921686746987952 0.172 0.3493975903614458
1 0.921 0.661144578313253 0.158 0.6536144578313253
1 0.237 0.552710843373494 0.454 0.8644578313253012
1 0.029 0.4397590361445783 0.054 0.23493975903614459
1 0.398 0.375 0.032 0.1536144578313253
1 0.086 0.6370481927710844 0.168 0.7018072289156626
0 0.19 0.39457831325301207 0.104 0.18674698795180722
1 0.664 0.39156626506024095 0.06 0.1927710843373494
1 0.804 0.588855421686747 0.332 0.7801204819277109
1 0.545 0.5828313253012049 0.278 0.8042168674698795
0 0.098 0.3960843373493976 0.108 0.19578313253012047
0 0.668 0.3629518072289157 0.06 0.12951807228915663
