0 0.815 0.32075471698113206 0.106 0.22012578616352202
0 0.129 0.44339622641509435 0.106 0.22012578616352202
0 0.408 0.29245283018867924 0.056 0.09433962264150944
0 0.67 0.30660377358490565 0.06 0.12264150943396226
0 0.239 0.3836477987421384 0.066 0.13836477987421383
0 0.731 0.28144654088050314 0.066 0.1540880503144654
0 0.295 0.32075471698113206 0.054 0.1320754716981132
1 0.049 0.43238993710691825 0.094 0.3238993710691824
1 0.583 0.13836477987421383 0.13 0.22641509433962265
1 0.792 0.5927672955974843 0.276 0.8144654088050315
1 0.521 0.1430817610062893 0.046 0.16037735849056603
1 0.799 0.1430817610062893 0.106 0.16037735849056603
1 0.744 0.39308176100628933 0.1 0.389937106918239
1 0.251 0.4968553459119497 0.146 0.4025157232704403
1 0.309 0.16981132075471697 0.082 0.18238993710691823
1 0.754 0.12264150943396226 0.084 0.18238993710691823
1 0.175 0.6588050314465409 0.258 0.6635220125786163
1 0.308 0.42452830188679247 0.124 0.33962264150943394
1 0.368 0.16823899371069181 0.064 0.17295597484276728
1 0.677 0.3977987421383648 0.106 0.3113207547169811
1 0.267 0.17138364779874213 0.074 0.16666666666666666
1 0.4 0.3867924528301887 0.1 0.3081761006289308
0 0.522 0.11320754716981132 0.044 0.09433962264150944
0 0.369 0.12421383647798742 0.03 0.07861635220125786
0 0.768 0.08962264150943396 0.048 0.10377358490566038
0 0.827 0.11477987421383648 0.066 0.09119496855345911
0 0.889 0.09276729559748427 0.054 0.11635220125786164
