0 0.814 0.5013812154696132 0.072 0.08011049723756906
0 0.133 0.48204419889502764 0.07 0.09116022099447514
1 0.693 0.6312154696132597 0.046 0.12430939226519337
1 0.88 0.68646408839779 0.052 0.3342541436464088
1 0.032 0.6947513812154696 0.06 0.2900552486187845
1 0.132 0.7071823204419889 0.14 0.569060773480663
1 0.792 0.6933701657458563 0.176 0.47513812154696133
0 0.037 0.580110497237569 0.034 0.06077348066298342
0 0.871 0.5524861878453039 0.038 0.06629834254143646
0 0.688 0.5939226519337016 0.028 0.055248618784530384
