1 0.939453125 0.5842013888888888 0.061197916666666664 0.203125
1 0.580078125 0.3706597222222222 0.032552083333333336 0.1440972222222222
1 0.6412760416666666 0.4835069444444444 0.061197916666666664 0.15104166666666666
1 0.9837239583333334 0.5711805555555556 0.032552083333333336 0.1840277777777778
1 0.4850260416666667 0.4123263888888889 0.05078125 0.15104166666666666
0 0.474609375 0.3498263888888889 0.016927083333333332 0.026041666666666668
0 0.626953125 0.4262152777777778 0.022135416666666668 0.03993055555555555
0 0.5703125 0.3107638888888889 0.018229166666666668 0.034722222222222224
0 0.9498697916666666 0.5052083333333334 0.022135416666666668 0.041666666666666664
0 0.98828125 0.4930555555555556 0.0234375 0.041666666666666664
