1 0.95703125 0.5546875 0.046875 0.171875
1 0.5397135416666666 0.3324652777777778 0.022135416666666668 0.07118055555555555
1 0.5885416666666666 0.4756944444444444 0.0390625 0.1527777777777778
1 0.904296875 0.5625 0.05859375 0.1875
1 0.4954427083333333 0.4027777777777778 0.045572916666666664 0.14583333333333334
0 0.5846354166666666 0.4131944444444444 0.015625 0.027777777777777776
0 0.9153645833333334 0.4826388888888889 0.020833333333333332 0.03125
0 0.4947916666666667 0.3463541666666667 0.020833333333333332 0.03298611111111111
0 0.5384114583333334 0.3142361111111111 0.01953125 0.027777777777777776
0 0.9583333333333334 0.4800347222222222 0.026041666666666668 0.03993055555555555
