0 0.148 0.24174174174174173 0.068 0.12912912912912913
0 0.544 0.25675675675675674 0.068 0.12912912912912913
0 0.366 0.2957957957957958 0.068 0.12912912912912913
0 0.726 0.2702702702702703 0.064 0.10810810810810811
0 0.967 0.26426426426426425 0.046 0.09009009009009009
1 0.556 0.551051051051051 0.24 0.7537537537537538
1 0.372 0.551051051051051 0.2 0.7897897897897898
1 0.162 0.5465465465465466 0.248 0.8648648648648649
1 0.731 0.5420420420420421 0.166 0.6576576576576577
1 0.935 0.524024024024024 0.126 0.6276276276276276
