0 0.127 0.4057377049180328 0.042 0.06284153005464481
0 0.413 0.4685792349726776 0.046 0.07377049180327869
0 0.658 0.49043715846994534 0.048 0.06830601092896176
0 0.528 0.4890710382513661 0.048 0.06557377049180328
0 0.329 0.4672131147540984 0.038 0.07650273224043716
0 0.88 0.5532786885245902 0.036 0.05737704918032787
0 0.836 0.5587431693989071 0.036 0.05737704918032787
0 0.226 0.453551912568306 0.04 0.06557377049180328
1 0.224 0.5669398907103825 0.08 0.28688524590163933
1 0.095 0.5491803278688525 0.138 0.366120218579235
1 0.541 0.5655737704918032 0.154 0.36065573770491804
1 0.862 0.6489071038251366 0.048 0.23224043715846995
1 0.434 0.5437158469945356 0.128 0.39344262295081966
1 0.828 0.657103825136612 0.048 0.23770491803278687
1 0.646 0.592896174863388 0.156 0.3114754098360656
1 0.329 0.5355191256830601 0.082 0.366120218579235
1 0.015 0.48360655737704916 0.026 0.08743169398907104
1 0.035 0.47540983606557374 0.018 0.07650273224043716
1 0.705 0.6065573770491803 0.07 0.21311475409836064
1 0.761 0.47540983606557374 0.018 0.0546448087431694
