0 0.335 0.5421686746987951 0.074 0.15060240963855423
0 0.401 0.2891566265060241 0.09 0.1746987951807229
0 0.698 0.20481927710843373 0.12 0.24096385542168675
0 0.514 0.2620481927710843 0.104 0.20481927710843373
0 0.148 0.5180722891566265 0.112 0.19879518072289157
0 0.607 0.5843373493975904 0.13 0.25301204819277107
1 0.133 0.697289156626506 0.266 0.5813253012048193
1 0.559 0.43373493975903615 0.174 0.5240963855421686
1 0.34 0.6355421686746988 0.164 0.3674698795180723
1 0.748 0.5135542168674698 0.268 0.8704819277108434
1 0.412 0.5090361445783133 0.176 0.608433734939759
1 0.601 0.7228915662650602 0.398 0.5481927710843374
