0 0.58 0.19733333333333333 0.072 0.128
0 0.388 0.11066666666666666 0.076 0.13066666666666665
0 0.649 0.2 0.066 0.128
0 0.168 0.43333333333333335 0.084 0.136
0 0.302 0.368 0.076 0.144
0 0.476 0.36533333333333334 0.076 0.13333333333333333
0 0.676 0.36666666666666664 0.08 0.14666666666666667
0 0.842 0.43066666666666664 0.084 0.152
1 0.061 0.4026666666666667 0.118 0.22933333333333333
1 0.036 0.21866666666666668 0.068 0.128
1 0.137 0.5306666666666666 0.166 0.336
1 0.385 0.28933333333333333 0.166 0.472
1 0.854 0.6613333333333333 0.276 0.656
1 0.691 0.24666666666666667 0.17 0.22666666666666666
1 0.54 0.32666666666666666 0.18 0.3973333333333333
1 0.688 0.44 0.236 0.304
1 0.284 0.43866666666666665 0.172 0.30666666666666664
1 0.474 0.43333333333333335 0.172 0.27466666666666667
0 0.036 0.17866666666666667 0.04 0.058666666666666666
