0 0.348 0.5039787798408488 0.036 0.058355437665782495
0 0.634 0.5172413793103449 0.036 0.058355437665782495
1 0.057 0.713527851458886 0.11 0.5092838196286472
1 0.632 0.6724137931034483 0.104 0.38461538461538464
1 0.905 0.669761273209549 0.146 0.5702917771883289
1 0.344 0.6551724137931034 0.112 0.3713527851458886
1 0.225 0.7639257294429708 0.158 0.4562334217506631
1 0.448 0.73342175066313 0.14 0.5172413793103449
1 0.494 0.6644562334217506 0.064 0.3687002652519894
0 0.943 0.5119363395225465 0.062 0.10079575596816977
0 0.05 0.5039787798408488 0.06 0.10079575596816977
