0 0.702 0.3892307692307692 0.044 0.09538461538461539
0 0.66 0.6784615384615384 0.044 0.09538461538461539
0 0.633 0.44769230769230767 0.042 0.09538461538461539
0 0.561 0.4430769230769231 0.042 0.09846153846153846
0 0.522 0.4553846153846154 0.04 0.10461538461538461
0 0.464 0.4523076923076923 0.052 0.09230769230769231
0 0.401 0.46615384615384614 0.038 0.08923076923076922
0 0.338 0.4584615384615385 0.036 0.09230769230769231
0 0.234 0.4461538461538462 0.044 0.08
0 0.288 0.4707692307692308 0.036 0.08
0 0.256 0.6753846153846154 0.04 0.09538461538461539
0 0.304 0.66 0.036 0.07692307692307693
0 0.364 0.6523076923076923 0.04 0.07384615384615385
0 0.418 0.6630769230769231 0.04 0.08307692307692308
0 0.478 0.64 0.04 0.08
0 0.556 0.6323076923076923 0.04 0.08923076923076922
1 0.222 0.6646153846153846 0.112 0.5046153846153846
1 0.342 0.5615384615384615 0.064 0.27384615384615385
1 0.57 0.5338461538461539 0.064 0.2553846153846154
1 0.63 0.5430769230769231 0.076 0.28615384615384615
1 0.401 0.5584615384615385 0.074 0.2676923076923077
1 0.516 0.5430769230769231 0.064 0.24923076923076923
1 0.559 0.7553846153846154 0.118 0.3476923076923077
1 0.461 0.5538461538461539 0.062 0.26461538461538464
1 0.29 0.5415384615384615 0.056 0.2153846153846154
1 0.362 0.7538461538461538 0.076 0.32
1 0.48 0.7584615384615384 0.092 0.3230769230769231
1 0.415 0.7661538461538462 0.074 0.30153846153846153
1 0.308 0.7507692307692307 0.064 0.3261538461538461
1 0.988 0.5676923076923077 0.016 0.12615384615384614
1 0.835 0.06923076923076923 0.018 0.06461538461538462
1 0.644 0.7907692307692308 0.124 0.3261538461538461
1 0.728 0.6476923076923077 0.124 0.6369230769230769
