0 0.333 0.30533333333333335 0.05 0.09333333333333334
0 0.507 0.316 0.05 0.09333333333333334
0 0.417 0.30533333333333335 0.054 0.104
0 0.464 0.38666666666666666 0.052 0.112
0 0.608 0.32266666666666666 0.06 0.10133333333333333
0 0.572 0.396 0.052 0.09866666666666667
1 0.395 0.5666666666666667 0.098 0.6373333333333333
1 0.451 0.6213333333333333 0.162 0.5813333333333334
1 0.511 0.35733333333333334 0.074 0.18666666666666668
1 0.637 0.6146666666666667 0.07 0.5786666666666667
1 0.62 0.38666666666666666 0.104 0.24
1 0.303 0.5813333333333334 0.126 0.6773333333333333
1 0.585 0.6346666666666667 0.134 0.5866666666666667
