0 0.321 0.5626666666666666 0.078 0.15466666666666667
0 0.146 0.44533333333333336 0.064 0.12266666666666666
0 0.2 0.5533333333333333 0.076 0.11466666666666667
0 0.328 0.37866666666666665 0.06 0.10133333333333333
0 0.45 0.5013333333333333 0.056 0.112
0 0.727 0.5413333333333333 0.074 0.128
0 0.886 0.6733333333333333 0.08 0.136
0 0.816 0.6573333333333333 0.06 0.12
0 0.62 0.5306666666666666 0.06 0.10133333333333333
0 0.522 0.5413333333333333 0.052 0.09066666666666667
0 0.382 0.528 0.052 0.09066666666666667
