0 0.7522522522522522 0.576 0.09309309309309309 0.088
0 0.43993993993993996 0.366 0.12912912912912913 0.112
1 0.8678678678678678 0.621 0.12612612612612611 0.194
1 0.954954954954955 0.795 0.08408408408408409 0.41
1 0.42792792792792794 0.487 0.23123123123123124 0.342
0 0.08858858858858859 0.601 0.06306306306306306 0.05
0 0.11561561561561562 0.566 0.05105105105105105 0.044
0 0.6771771771771772 0.592 0.021021021021021023 0.016
1 0.12762762762762764 0.758 0.24924924924924924 0.48
1 0.7612612612612613 0.758 0.3333333333333333 0.464
0 0.8573573573573574 0.555 0.057057057057057055 0.062
0 0.9564564564564565 0.636 0.08708708708708708 0.096
0 0.20270270270270271 0.593 0.09309309309309309 0.082
0 0.02702702702702703 0.568 0.04804804804804805 0.108
