0 0.753 0.5426666666666666 0.078 0.11466666666666667
0 0.869 0.5693333333333334 0.082 0.152
0 0.456 0.5146666666666667 0.064 0.11733333333333333
0 0.125 0.23733333333333334 0.082 0.128
1 0.677 0.692 0.318 0.36
1 0.463 0.6186666666666667 0.166 0.31466666666666665
1 0.385 0.6906666666666667 0.338 0.45866666666666667
1 0.829 0.724 0.338 0.4666666666666667
1 0.641 0.6466666666666666 0.098 0.22133333333333333
1 0.088 0.3466666666666667 0.172 0.3253333333333333
0 0.644 0.576 0.048 0.08
0 0.329 0.5133333333333333 0.094 0.12533333333333332
