0 0.857 0.4086206896551724 0.178 0.3275862068965517
0 0.186 0.4362068965517241 0.18 0.3275862068965517
0 0.484 0.31896551724137934 0.08 0.15517241379310345
1 0.353 0.3396551724137931 0.158 0.28620689655172415
0 0.561 0.27413793103448275 0.098 0.16206896551724137
1 0.721 0.5396551724137931 0.474 0.596551724137931
1 0.962 0.3 0.064 0.47586206896551725
1 0.705 0.3310344827586207 0.122 0.296551724137931
1 0.184 0.5120689655172413 0.332 0.6241379310344828
0 0.344 0.2896551724137931 0.088 0.15172413793103448
0 0.712 0.2637931034482759 0.076 0.15517241379310345
