0 0.355 0.45245398773006135 0.062 0.11349693251533742
1 0.533 0.6748466257668712 0.13 0.6441717791411042
1 0.194 0.7438650306748467 0.1 0.2852760736196319
1 0.129 0.7960122699386503 0.15 0.3343558282208589
1 0.353 0.6855828220858896 0.134 0.6288343558282209
1 0.29 0.6717791411042945 0.084 0.6503067484662577
1 0.433 0.6733128834355828 0.098 0.6349693251533742
0 0.733 0.39723926380368096 0.078 0.20552147239263804
1 0.803 0.6441717791411042 0.194 0.7116564417177914
1 0.656 0.656441717791411 0.148 0.6625766871165644
0 0.123 0.6840490797546013 0.058 0.10429447852760736
0 0.204 0.651840490797546 0.052 0.0950920245398773
0 0.428 0.4171779141104294 0.064 0.12269938650306748
0 0.301 0.41411042944785276 0.054 0.12269938650306748
0 0.532 0.43098159509202455 0.064 0.12576687116564417
0 0.669 0.4263803680981595 0.094 0.18404907975460122
