0 0.262 0.6459276018099548 0.032 0.05203619909502263
1 0.512 0.829185520361991 0.1 0.3190045248868778
1 0.608 0.8065610859728507 0.092 0.2828054298642534
1 0.034 0.7839366515837104 0.064 0.2692307692307692
1 0.689 0.7771493212669683 0.054 0.17420814479638008
1 0.096 0.7952488687782805 0.056 0.2420814479638009
1 0.89 0.7737556561085973 0.068 0.167420814479638
1 0.776 0.7805429864253394 0.028 0.15384615384615385
1 0.44 0.8540723981900452 0.06 0.24660633484162897
1 0.957 0.7635746606334841 0.026 0.08823529411764706
1 0.268 0.7782805429864253 0.1 0.3257918552036199
1 0.977 0.7579185520361991 0.018 0.07239819004524888
1 0.495 0.8156108597285068 0.666 0.3552036199095023
1 0.729 0.7760180995475113 0.034 0.11764705882352941
1 0.755 0.7567873303167421 0.018 0.083710407239819
0 0.432 0.7115384615384616 0.036 0.038461538461538464
1 0.934 0.7579185520361991 0.028 0.09502262443438914
1 0.211 0.6968325791855203 0.026 0.04072398190045249
1 0.808 0.7816742081447964 0.056 0.18778280542986425
1 0.135 0.7941176470588235 0.086 0.2986425339366516
0 0.602 0.6911764705882353 0.04 0.05656108597285068
0 0.508 0.7024886877828054 0.04 0.06108597285067873
0 0.444 0.7624434389140271 0.036 0.05429864253393665
0 0.811 0.7092760180995475 0.022 0.038461538461538464
0 0.892 0.7092760180995475 0.032 0.033936651583710405
0 0.694 0.7058823529411765 0.032 0.03619909502262444
0 0.137 0.669683257918552 0.05 0.04524886877828054
0 0.11 0.6889140271493213 0.036 0.04751131221719457
0 0.033 0.668552036199095 0.046 0.042986425339366516
