0 0.462 0.38403614457831325 0.056 0.06927710843373494
0 0.257 0.3207831325301205 0.046 0.06927710843373494
1 0.519 0.4006024096385542 0.07 0.2289156626506024
1 0.741 0.42319277108433734 0.042 0.24397590361445784
1 0.024 0.4608433734939759 0.044 0.20481927710843373
1 0.742 0.4397590361445783 0.172 0.25903614457831325
1 0.828 0.5512048192771084 0.104 0.2710843373493976
1 0.263 0.4894578313253012 0.082 0.4126506024096386
1 0.479 0.5843373493975904 0.166 0.5602409638554217
0 0.511 0.3117469879518072 0.026 0.045180722891566265
0 0.753 0.31626506024096385 0.026 0.030120481927710843
