0 0.677 0.396 0.082 0.13066666666666665
1 0.768 0.46 0.028 0.13066666666666665
1 0.742 0.45066666666666666 0.024 0.11733333333333333
1 0.171 0.44666666666666666 0.098 0.136
1 0.293 0.4573333333333333 0.046 0.07733333333333334
1 0.533 0.44133333333333336 0.022 0.09866666666666667
1 0.787 0.436 0.022 0.09333333333333334
1 0.819 0.45866666666666667 0.034 0.14933333333333335
1 0.695 0.6573333333333333 0.134 0.6853333333333333
1 0.361 0.44666666666666666 0.082 0.17866666666666667
0 0.345 0.37733333333333335 0.026 0.04
0 0.815 0.404 0.018 0.034666666666666665
