0 0.548 0.29402985074626864 0.212 0.37910447761194027
1 0.058 0.5283582089552239 0.1 0.29850746268656714
1 0.043 0.4044776119402985 0.066 0.14626865671641792
1 0.835 0.2373134328358209 0.058 0.1761194029850746
1 0.657 0.30895522388059704 0.066 0.3373134328358209
1 0.774 0.32238805970149254 0.088 0.3164179104477612
1 0.731 0.30149253731343284 0.046 0.19701492537313434
1 0.014 0.5298507462686567 0.024 0.2955223880597015
1 0.092 0.34626865671641793 0.036 0.08358208955223881
1 0.124 0.4253731343283582 0.048 0.11641791044776119
1 0.886 0.19701492537313434 0.036 0.07164179104477612
1 0.014 0.4014925373134328 0.024 0.09850746268656717
1 0.902 0.282089552238806 0.192 0.39104477611940297
1 0.871 0.5298507462686567 0.25 0.9402985074626866
1 0.056 0.31791044776119404 0.04 0.08656716417910448
1 0.01 0.30149253731343284 0.016 0.10149253731343283
1 0.142 0.32686567164179103 0.036 0.14626865671641792
1 0.113 0.24925373134328357 0.034 0.07462686567164178
1 0.039 0.29701492537313434 0.042 0.09850746268656717
1 0.091 0.6447761194029851 0.09 0.34626865671641793
1 0.49 0.5507462686567164 0.756 0.8985074626865671
0 0.785 0.19402985074626866 0.034 0.05970149253731343
0 0.837 0.18358208955223881 0.034 0.06865671641791045
0 0.888 0.2 0.028 0.06567164179104477
0 0.654 0.1746268656716418 0.036 0.0626865671641791
0 0.741 0.22388059701492538 0.026 0.04776119402985075
0 0.087 0.41940298507462687 0.042 0.07462686567164178
0 0.126 0.5119402985074627 0.04 0.08059701492537313
0 0.148 0.28507462686567164 0.032 0.050746268656716415
0 0.057 0.3716417910447761 0.038 0.06865671641791045
0 0.014 0.3761194029850746 0.024 0.05373134328358209
0 0.123 0.40746268656716417 0.03 0.0626865671641791
0 0.09 0.3417910447761194 0.032 0.06865671641791045
0 0.065 0.3074626865671642 0.03 0.05373134328358209
0 0.115 0.23134328358208955 0.018 0.03880597014925373
0 0.039 0.2462686567164179 0.018 0.03283582089552239
0 0.006 0.2671641791044776 0.008 0.03880597014925373
0 0.951 0.1746268656716418 0.086 0.18208955223880596
