0 0.182 0.2309322033898305 0.048 0.1228813559322034
1 0.3 0.3855932203389831 0.092 0.3474576271186441
1 0.344 0.5932203389830508 0.052 0.3559322033898305
1 0.891 0.6165254237288136 0.082 0.3771186440677966
1 0.802 0.5932203389830508 0.064 0.4067796610169492
1 0.434 0.6016949152542372 0.092 0.5423728813559322
1 0.165 0.5529661016949152 0.138 0.7838983050847458
0 0.439 0.3834745762711864 0.034 0.08898305084745763
0 0.871 0.4682203389830508 0.03 0.07203389830508475
0 0.818 0.4322033898305085 0.032 0.07627118644067797
